Vertex Count: 525

Data:

3.9609 0.1367 5.3902 0 1 0.3759 -0.9266 0.0126
29.343 9.8735 -0.1242 0 0.9167 0.7998 -0.6003 -0.005
24.897 9.8735 14.464 0.0909 0.9167 0.699 -0.5683 0.434
1.6287 0.1367 17.8424 0.1111 1 0.4288 -0.8503 0.3051
24.897 9.8735 14.464 0.0909 0.9167 0.699 -0.5683 0.434
12.9708 9.8735 24.4204 0.1818 0.9167 0.4102 -0.4539 0.791
-4.2765 0.1367 24.4681 0.2222 1 -0.0077 -0.3882 0.9215
12.9708 9.8735 24.4204 0.1818 0.9167 0.4102 -0.4539 0.791
-2.6491 9.8735 26.5842 0.2727 0.9167 -0.1075 -0.194 0.9751
-10.9917 0.1367 22.167 0.3333 1 -0.5791 -0.2409 0.7788
-2.6491 9.8735 26.5842 0.2727 0.9167 -0.1075 -0.194 0.9751
-17.0037 9.8735 20.2682 0.3636 0.9167 -0.6512 -0.3076 0.6938
-15.3747 0.1367 12.0159 0.4444 1 -0.7603 -0.5889 0.2741
-17.0037 9.8735 20.2682 0.3636 0.9167 -0.6512 -0.3076 0.6938
-25.5353 9.8735 7.4778 0.4545 0.9167 -0.8485 -0.4762 0.2308
-15.3747 0.1367 -1.2356 0.5556 1 -0.6594 -0.7392 -0.1373
-25.5353 9.8735 7.4778 0.4545 0.9167 -0.8485 -0.4762 0.2308
-25.5353 9.8735 -7.7262 0.5455 0.9167 -0.8103 -0.5249 -0.2605
-15.3747 0.1367 -1.2356 0.5556 1 -0.6594 -0.7392 -0.1373
-25.5353 9.8735 -7.7262 0.5455 0.9167 -0.8103 -0.5249 -0.2605
-17.0037 9.8735 -20.5166 0.6364 0.9167 -0.5532 -0.5037 -0.6636
-10.9917 0.1367 -11.3867 0.6667 1 -0.4852 -0.7468 -0.4548
-17.0037 9.8735 -20.5166 0.6364 0.9167 -0.5532 -0.5037 -0.6636
-2.6491 9.8735 -26.8325 0.7273 0.9167 -0.1016 -0.5059 -0.8566
-4.2765 0.1367 -13.6878 0.7778 1 0.0325 -0.8592 -0.5107
-2.6491 9.8735 -26.8325 0.7273 0.9167 -0.1016 -0.5059 -0.8566
12.9709 9.8735 -24.6688 0.8182 0.9167 0.3561 -0.56 -0.7481
1.6287 0.1367 -7.0621 0.8889 1 0.3372 -0.9212 -0.1943
12.9709 9.8735 -24.6688 0.8182 0.9167 0.3561 -0.56 -0.7481
24.897 9.8735 -14.7123 0.9091 0.9167 0.675 -0.5949 -0.4365
3.9609 0.1367 5.3902 1 1 0.3759 -0.9266 0.0126
24.897 9.8735 -14.7123 0.9091 0.9167 0.675 -0.5949 -0.4365
29.343 9.8735 -0.1242 1 0.9167 0.7998 -0.6003 -0.005
29.343 9.8735 -0.1242 0 0.9167 0.7998 -0.6003 -0.005
31.1936 19.6104 -0.1048 0 0.8333 0.9878 -0.1554 -0.0061
26.3687 19.6104 15.5349 0.0909 0.8333 0.819 -0.1677 0.5487
24.897 9.8735 14.464 0.0909 0.9167 0.699 -0.5683 0.434
26.3687 19.6104 15.5349 0.0909 0.8333 0.819 -0.1677 0.5487
13.4259 19.6104 26.2091 0.1818 0.8333 0.3917 -0.1697 0.9043
12.9708 9.8735 24.4204 0.1818 0.9167 0.4102 -0.4539 0.791
13.4259 19.6104 26.2091 0.1818 0.8333 0.3917 -0.1697 0.9043
-3.5255 19.6104 28.5289 0.2727 0.8333 -0.1374 -0.1909 0.9719
-2.6491 9.8735 26.5842 0.2727 0.9167 -0.1075 -0.194 0.9751
-3.5255 19.6104 28.5289 0.2727 0.8333 -0.1374 -0.1909 0.9719
-19.1036 19.6104 21.7576 0.3636 0.8333 -0.6229 -0.2352 0.7461
-17.0037 9.8735 20.2682 0.3636 0.9167 -0.6512 -0.3076 0.6938
-19.1036 19.6104 21.7576 0.3636 0.8333 -0.6229 -0.2352 0.7461
-28.3625 19.6104 8.0452 0.4545 0.8333 -0.9225 -0.267 0.2787
-25.5353 9.8735 7.4778 0.4545 0.9167 -0.8485 -0.4762 0.2308
-28.3625 19.6104 8.0452 0.4545 0.8333 -0.9225 -0.267 0.2787
-28.3625 19.6104 -8.2548 0.5455 0.8333 -0.9252 -0.2464 -0.2888
-25.5353 9.8735 -7.7262 0.5455 0.9167 -0.8103 -0.5249 -0.2605
-28.3625 19.6104 -8.2548 0.5455 0.8333 -0.9252 -0.2464 -0.2888
-19.1036 19.6104 -21.9672 0.6364 0.8333 -0.6265 -0.1803 -0.7583
-17.0037 9.8735 -20.5166 0.6364 0.9167 -0.5532 -0.5037 -0.6636
-19.1036 19.6104 -21.9672 0.6364 0.8333 -0.6265 -0.1803 -0.7583
-3.5255 19.6104 -28.7384 0.7273 0.8333 -0.1389 -0.1185 -0.9832
-2.6491 9.8735 -26.8325 0.7273 0.9167 -0.1016 -0.5059 -0.8566
-3.5255 19.6104 -28.7384 0.7273 0.8333 -0.1389 -0.1185 -0.9832
13.4259 19.6104 -26.4187 0.8182 0.8333 0.3912 -0.1001 -0.9148
12.9709 9.8735 -24.6688 0.8182 0.9167 0.3561 -0.56 -0.7481
13.4259 19.6104 -26.4187 0.8182 0.8333 0.3912 -0.1001 -0.9148
26.3687 19.6104 -15.7445 0.9091 0.8333 0.819 -0.1236 -0.5604
24.897 9.8735 -14.7123 0.9091 0.9167 0.675 -0.5949 -0.4365
26.3687 19.6104 -15.7445 0.9091 0.8333 0.819 -0.1236 -0.5604
31.1936 19.6104 -0.1048 1 0.8333 0.9878 -0.1554 -0.0061
31.1936 19.6104 -0.1048 0 0.8333 0.9878 -0.1554 -0.0061
32.3503 29.3473 0.5967 0 0.75 0.9982 0.0605 0.002
28.0538 29.3473 15.4001 0.0833 0.75 0.8675 0.0129 0.4973
26.3687 19.6104 15.5349 0.0909 0.8333 0.819 -0.1677 0.5487
28.0538 29.3473 15.4001 0.0833 0.75 0.8675 0.0129 0.4973
16.3155 29.3473 26.2368 0.1667 0.75 0.5062 -0.0619 0.8602
13.4259 19.6104 26.2091 0.1818 0.8333 0.3917 -0.1697 0.9043
16.3155 29.3473 26.2368 0.1667 0.75 0.5062 -0.0619 0.8602
0.2808 29.3473 30.2034 0.25 0.75 0.0239 -0.1277 0.9915
-3.5255 19.6104 28.5289 0.2727 0.8333 -0.1374 -0.1909 0.9719
0.2808 29.3473 30.2034 0.25 0.75 0.0239 -0.1277 0.9915
-15.7539 29.3473 26.2368 0.3333 0.75 -0.4631 -0.1588 0.872
-19.1036 19.6104 21.7576 0.3636 0.8333 -0.6229 -0.2352 0.7461
-15.7539 29.3473 26.2368 0.3333 0.75 -0.4631 -0.1588 0.872
-27.4921 29.3473 15.4001 0.4167 0.75 -0.8426 -0.151 0.517
-28.3625 19.6104 8.0452 0.4545 0.8333 -0.9225 -0.267 0.2787
-27.4921 29.3473 15.4001 0.4167 0.75 -0.8426 -0.151 0.517
-31.7886 29.3473 0.5967 0.5 0.75 -0.9929 -0.1187 -0.0003
-28.3625 19.6104 -8.2548 0.5455 0.8333 -0.9252 -0.2464 -0.2888
-31.7886 29.3473 0.5967 0.5 0.75 -0.9929 -0.1187 -0.0003
-27.4921 29.3473 -14.2066 0.5833 0.75 -0.8496 -0.0774 -0.5217
-19.1036 19.6104 -21.9672 0.6364 0.8333 -0.6265 -0.1803 -0.7583
-27.4921 29.3473 -14.2066 0.5833 0.75 -0.8496 -0.0774 -0.5217
-15.7539 29.3473 -25.0434 0.6667 0.75 -0.4689 -0.0322 -0.8827
-3.5255 19.6104 -28.7384 0.7273 0.8333 -0.1389 -0.1185 -0.9832
-15.7539 29.3473 -25.0434 0.6667 0.75 -0.4689 -0.0322 -0.8827
0.2808 29.3473 -29.01 0.75 0.75 0.0238 0.0158 -0.9996
13.4259 19.6104 -26.4187 0.8182 0.8333 0.3912 -0.1001 -0.9148
0.2808 29.3473 -29.01 0.75 0.75 0.0238 0.0158 -0.9996
16.3155 29.3473 -25.0434 0.8333 0.75 0.5059 0.058 -0.8606
26.3687 19.6104 -15.7445 0.9091 0.8333 0.819 -0.1236 -0.5604
16.3155 29.3473 -25.0434 0.8333 0.75 0.5059 0.058 -0.8606
28.0538 29.3473 -14.2066 0.9167 0.75 0.8642 0.0755 -0.4974
31.1936 19.6104 -0.1048 1 0.8333 0.9878 -0.1554 -0.0061
28.0538 29.3473 -14.2066 0.9167 0.75 0.8642 0.0755 -0.4974
32.3503 29.3473 0.5967 1 0.75 0.9982 0.0605 0.002
32.3503 29.3473 0.5967 0 0.75 0.9982 0.0605 0.002
29.963 39.0841 1.3097 0 0.6667 0.9898 0.1424 -0.0031
25.044 39.0841 17.619 0.0909 0.6667 0.8261 0.0491 0.5614
25.044 39.0841 17.619 0.0909 0.6667 0.8261 0.0491 0.5614
16.3155 29.3473 26.2368 0.1667 0.75 0.5062 -0.0619 0.8602
28.0538 29.3473 15.4001 0.0833 0.75 0.8675 0.0129 0.4973
16.3155 29.3473 26.2368 0.1667 0.75 0.5062 -0.0619 0.8602
25.044 39.0841 17.619 0.0909 0.6667 0.8261 0.0491 0.5614
11.8489 39.0841 28.7502 0.1818 0.6667 0.3777 -0.0332 0.9253
0.2808 29.3473 30.2034 0.25 0.75 0.0239 -0.1277 0.9915
11.8489 39.0841 28.7502 0.1818 0.6667 0.3777 -0.0332 0.9253
-5.433 39.0841 31.1692 0.2727 0.6667 -0.1775 -0.0009 0.9841
-15.7539 29.3473 26.2368 0.3333 0.75 -0.4631 -0.1588 0.872
-5.433 39.0841 31.1692 0.2727 0.6667 -0.1775 -0.0009 0.9841
-21.3149 39.0841 24.1081 0.3636 0.6667 -0.6622 0.1224 0.7393
-27.4921 29.3473 15.4001 0.4167 0.75 -0.8426 -0.151 0.517
-21.3149 39.0841 24.1081 0.3636 0.6667 -0.6622 0.1224 0.7393
-30.7543 39.0841 9.8086 0.4545 0.6667 -0.9335 0.2328 0.2727
-31.7886 29.3473 0.5967 0.5 0.75 -0.9929 -0.1187 -0.0003
-30.7543 39.0841 9.8086 0.4545 0.6667 -0.9335 0.2328 0.2727
-30.7543 39.0841 -7.1892 0.5455 0.6667 -0.9249 0.2674 -0.2704
-27.4921 29.3473 -14.2066 0.5833 0.75 -0.8496 -0.0774 -0.5217
-30.7543 39.0841 -7.1892 0.5455 0.6667 -0.9249 0.2674 -0.2704
-21.3149 39.0841 -21.4886 0.6364 0.6667 -0.6444 0.2249 -0.7308
-15.7539 29.3473 -25.0434 0.6667 0.75 -0.4689 -0.0322 -0.8827
-21.3149 39.0841 -21.4886 0.6364 0.6667 -0.6444 0.2249 -0.7308
-5.433 39.0841 -28.5498 0.7273 0.6667 -0.1667 0.1582 -0.9732
0.2808 29.3473 -29.01 0.75 0.75 0.0238 0.0158 -0.9996
-5.433 39.0841 -28.5498 0.7273 0.6667 -0.1667 0.1582 -0.9732
11.8489 39.0841 -26.1307 0.8182 0.6667 0.3742 0.1366 -0.9172
16.3155 29.3473 -25.0434 0.8333 0.75 0.5059 0.058 -0.8606
11.8489 39.0841 -26.1307 0.8182 0.6667 0.3742 0.1366 -0.9172
25.044 39.0841 -14.9995 0.9091 0.6667 0.8113 0.1599 -0.5624
28.0538 29.3473 -14.2066 0.9167 0.75 0.8642 0.0755 -0.4974
25.044 39.0841 -14.9995 0.9091 0.6667 0.8113 0.1599 -0.5624
29.963 39.0841 1.3097 1 0.6667 0.9898 0.1424 -0.0031
29.963 39.0841 1.3097 0 0.6667 0.9898 0.1424 -0.0031
29.5672 48.821 2.3294 0 0.5833 0.9927 0.1204 -0.0022
25.1651 48.821 17.8703 0.0909 0.5833 0.8569 0.0648 0.5113
25.044 39.0841 17.619 0.0909 0.6667 0.8261 0.0491 0.5614
25.1651 48.821 17.8703 0.0909 0.5833 0.8569 0.0648 0.5113
13.3566 48.821 28.4772 0.1818 0.5833 0.4439 0.0323 0.8955
11.8489 39.0841 28.7502 0.1818 0.6667 0.3777 -0.0332 0.9253
13.3566 48.821 28.4772 0.1818 0.5833 0.4439 0.0323 0.8955
-2.1092 48.821 30.7823 0.2727 0.5833 -0.102 0.0619 0.9929
-5.433 39.0841 31.1692 0.2727 0.6667 -0.1775 -0.0009 0.9841
-2.1092 48.821 30.7823 0.2727 0.5833 -0.102 0.0619 0.9929
-16.3221 48.821 24.0537 0.3636 0.5833 -0.619 0.1371 0.7733
-21.3149 39.0841 24.1081 0.3636 0.6667 -0.6622 0.1224 0.7393
-16.3221 48.821 24.0537 0.3636 0.5833 -0.619 0.1371 0.7733
-24.7696 48.821 10.4279 0.4545 0.5833 -0.9284 0.2327 0.2898
-30.7543 39.0841 9.8086 0.4545 0.6667 -0.9335 0.2328 0.2727
-24.7696 48.821 10.4279 0.4545 0.5833 -0.9284 0.2327 0.2898
-24.7696 48.821 -5.7692 0.5455 0.5833 -0.905 0.3206 -0.2796
-30.7543 39.0841 -7.1892 0.5455 0.6667 -0.9249 0.2674 -0.2704
-24.7696 48.821 -5.7692 0.5455 0.5833 -0.905 0.3206 -0.2796
-16.3221 48.821 -19.395 0.6364 0.5833 -0.5834 0.3623 -0.7269
-21.3149 39.0841 -21.4886 0.6364 0.6667 -0.6444 0.2249 -0.7308
-16.3221 48.821 -19.395 0.6364 0.5833 -0.5834 0.3623 -0.7269
-2.1092 48.821 -26.1235 0.7273 0.5833 -0.0919 0.331 -0.9392
-5.433 39.0841 -28.5498 0.7273 0.6667 -0.1667 0.1582 -0.9732
-2.1092 48.821 -26.1235 0.7273 0.5833 -0.0919 0.331 -0.9392
13.3566 48.821 -23.8184 0.8182 0.5833 0.4305 0.2649 -0.8629
11.8489 39.0841 -26.1307 0.8182 0.6667 0.3742 0.1366 -0.9172
13.3566 48.821 -23.8184 0.8182 0.5833 0.4305 0.2649 -0.8629
25.1651 48.821 -13.2116 0.9091 0.5833 0.8337 0.1912 -0.5181
25.044 39.0841 -14.9995 0.9091 0.6667 0.8113 0.1599 -0.5624
25.1651 48.821 -13.2116 0.9091 0.5833 0.8337 0.1912 -0.5181
29.5672 48.821 2.3294 1 0.5833 0.9927 0.1204 -0.0022
29.5672 48.821 2.3294 0 0.5833 0.9927 0.1204 -0.0022
27.6474 58.5579 4.2147 0 0.5 0.9249 0.3785 0.0368
22.5144 58.5579 19.583 0.1 0.5 0.7547 0.3529 0.5532
22.5144 58.5579 19.583 0.1 0.5 0.7547 0.3529 0.5532
13.3566 48.821 28.4772 0.1818 0.5833 0.4439 0.0323 0.8955
25.1651 48.821 17.8703 0.0909 0.5833 0.8569 0.0648 0.5113
13.3566 48.821 28.4772 0.1818 0.5833 0.4439 0.0323 0.8955
22.5144 58.5579 19.583 0.1 0.5 0.7547 0.3529 0.5532
9.0758 58.5579 29.0811 0.2 0.5 0.2959 0.3024 0.9061
-2.1092 48.821 30.7823 0.2727 0.5833 -0.102 0.0619 0.9929
9.0758 58.5579 29.0811 0.2 0.5 0.2959 0.3024 0.9061
-7.5351 58.5579 29.0811 0.3 0.5 -0.2867 0.1929 0.9384
-16.3221 48.821 24.0537 0.3636 0.5833 -0.619 0.1371 0.7733
-7.5351 58.5579 29.0811 0.3 0.5 -0.2867 0.1929 0.9384
-20.9737 58.5579 19.583 0.4 0.5 -0.7894 0.0627 0.6107
-24.7696 48.821 10.4279 0.4545 0.5833 -0.9284 0.2327 0.2898
-20.9737 58.5579 19.583 0.4 0.5 -0.7894 0.0627 0.6107
-26.1067 58.5579 4.2147 0.5 0.5 -0.9996 0.0015 0.0272
-24.7696 48.821 -5.7692 0.5455 0.5833 -0.905 0.3206 -0.2796
-26.1067 58.5579 4.2147 0.5 0.5 -0.9996 0.0015 0.0272
-20.9736 58.5579 -11.1537 0.6 0.5 -0.813 0.0731 -0.5776
-16.3221 48.821 -19.395 0.6364 0.5833 -0.5834 0.3623 -0.7269
-20.9736 58.5579 -11.1537 0.6 0.5 -0.813 0.0731 -0.5776
-7.5351 58.5579 -20.6518 0.7 0.5 -0.2915 0.2378 -0.9266
-2.1092 48.821 -26.1235 0.7273 0.5833 -0.0919 0.331 -0.9392
-7.5351 58.5579 -20.6518 0.7 0.5 -0.2915 0.2378 -0.9266
9.0758 58.5579 -20.6518 0.8 0.5 0.3089 0.3743 -0.8744
13.3566 48.821 -23.8184 0.8182 0.5833 0.4305 0.2649 -0.8629
9.0758 58.5579 -20.6518 0.8 0.5 0.3089 0.3743 -0.8744
22.5144 58.5579 -11.1537 0.9 0.5 0.756 0.4127 -0.5081
25.1651 48.821 -13.2116 0.9091 0.5833 0.8337 0.1912 -0.5181
22.5144 58.5579 -11.1537 0.9 0.5 0.756 0.4127 -0.5081
27.6474 58.5579 4.2147 1 0.5 0.9249 0.3785 0.0368
27.6474 58.5579 4.2147 0 0.5 0.9249 0.3785 0.0368
20.8398 68.2947 2.7582 0 0.4167 0.8502 0.5263 -0.0117
16.3448 68.2947 16.3896 0.1 0.4167 0.6951 0.5198 0.4967
22.5144 58.5579 19.583 0.1 0.5 0.7547 0.3529 0.5532
16.3448 68.2947 16.3896 0.1 0.4167 0.6951 0.5198 0.4967
4.5765 68.2947 24.8143 0.2 0.4167 0.2516 0.4392 0.8624
9.0758 58.5579 29.0811 0.2 0.5 0.2959 0.3024 0.9061
4.5765 68.2947 24.8143 0.2 0.4167 0.2516 0.4392 0.8624
-9.9698 68.2947 24.8143 0.3 0.4167 -0.328 0.3506 0.8772
-7.5351 58.5579 29.0811 0.3 0.5 -0.2867 0.1929 0.9384
-9.9698 68.2947 24.8143 0.3 0.4167 -0.328 0.3506 0.8772
-21.738 68.2947 16.3896 0.4 0.4167 -0.8009 0.2776 0.5306
-20.9737 58.5579 19.583 0.4 0.5 -0.7894 0.0627 0.6107
-21.738 68.2947 16.3896 0.4 0.4167 -0.8009 0.2776 0.5306
-26.2331 68.2947 2.7582 0.5 0.4167 -0.9697 0.2426 -0.0287
-26.1067 58.5579 4.2147 0.5 0.5 -0.9996 0.0015 0.0272
-26.2331 68.2947 2.7582 0.5 0.4167 -0.9697 0.2426 -0.0287
-21.738 68.2947 -10.8733 0.6 0.4167 -0.795 0.2413 -0.5565
-20.9736 58.5579 -11.1537 0.6 0.5 -0.813 0.0731 -0.5776
-21.738 68.2947 -10.8733 0.6 0.4167 -0.795 0.2413 -0.5565
-9.9698 68.2947 -19.2979 0.7 0.4167 -0.3246 0.2734 -0.9055
-7.5351 58.5579 -20.6518 0.7 0.5 -0.2915 0.2378 -0.9266
-9.9698 68.2947 -19.2979 0.7 0.4167 -0.3246 0.2734 -0.9055
4.5766 68.2947 -19.2979 0.8 0.4167 0.2484 0.3621 -0.8984
9.0758 58.5579 -20.6518 0.8 0.5 0.3089 0.3743 -0.8744
4.5766 68.2947 -19.2979 0.8 0.4167 0.2484 0.3621 -0.8984
16.3448 68.2947 -10.8733 0.9 0.4167 0.6961 0.4632 -0.5486
22.5144 58.5579 -11.1537 0.9 0.5 0.756 0.4127 -0.5081
16.3448 68.2947 -10.8733 0.9 0.4167 0.6961 0.4632 -0.5486
20.8398 68.2947 2.7582 1 0.4167 0.8502 0.5263 -0.0117
20.8398 68.2947 2.7582 0 0.4167 0.8502 0.5263 -0.0117
15.8734 78.0316 3.5269 0 0.3333 0.8943 0.4459 0.0367
10.5114 78.0316 16.4015 0.125 0.3333 0.6289 0.4583 0.6281
10.5114 78.0316 16.4015 0.125 0.3333 0.6289 0.4583 0.6281
4.5765 68.2947 24.8143 0.2 0.4167 0.2516 0.4392 0.8624
16.3448 68.2947 16.3896 0.1 0.4167 0.6951 0.5198 0.4967
4.5765 68.2947 24.8143 0.2 0.4167 0.2516 0.4392 0.8624
10.5114 78.0316 16.4015 0.125 0.3333 0.6289 0.4583 0.6281
-2.4335 78.0316 21.7343 0.25 0.3333 -0.0034 0.4674 0.8841
-9.9698 68.2947 24.8143 0.3 0.4167 -0.328 0.3506 0.8772
-2.4335 78.0316 21.7343 0.25 0.3333 -0.0034 0.4674 0.8841
-15.3784 78.0316 16.4015 0.375 0.3333 -0.6066 0.4974 0.6202
-21.738 68.2947 16.3896 0.4 0.4167 -0.8009 0.2776 0.5306
-15.3784 78.0316 16.4015 0.375 0.3333 -0.6066 0.4974 0.6202
-20.7403 78.0316 3.5269 0.5 0.3333 -0.8714 0.4902 0.0168
-26.2331 68.2947 2.7582 0.5 0.4167 -0.9697 0.2426 -0.0287
-20.7403 78.0316 3.5269 0.5 0.3333 -0.8714 0.4902 0.0168
-15.3783 78.0316 -9.3476 0.625 0.3333 -0.6712 0.4192 -0.6114
-15.3783 78.0316 -9.3476 0.625 0.3333 -0.6712 0.4192 -0.6114
-9.9698 68.2947 -19.2979 0.7 0.4167 -0.3246 0.2734 -0.9055
-21.738 68.2947 -10.8733 0.6 0.4167 -0.795 0.2413 -0.5565
-9.9698 68.2947 -19.2979 0.7 0.4167 -0.3246 0.2734 -0.9055
-15.3783 78.0316 -9.3476 0.625 0.3333 -0.6712 0.4192 -0.6114
-2.4335 78.0316 -14.6804 0.75 0.3333 0.0043 0.3485 -0.9373
4.5766 68.2947 -19.2979 0.8 0.4167 0.2484 0.3621 -0.8984
-2.4335 78.0316 -14.6804 0.75 0.3333 0.0043 0.3485 -0.9373
10.5114 78.0316 -9.3476 0.875 0.3333 0.6709 0.4023 -0.623
16.3448 68.2947 -10.8733 0.9 0.4167 0.6961 0.4632 -0.5486
10.5114 78.0316 -9.3476 0.875 0.3333 0.6709 0.4023 -0.623
15.8734 78.0316 3.5269 1 0.3333 0.8943 0.4459 0.0367
15.8734 78.0316 3.5269 0 0.3333 0.8943 0.4459 0.0367
11.3298 87.7685 1.1682 0 0.25 0.9058 0.422 -0.0365
7.3843 87.7685 11.9267 0.125 0.25 0.6673 0.4613 0.5847
10.5114 78.0316 16.4015 0.125 0.3333 0.6289 0.4583 0.6281
7.3843 87.7685 11.9267 0.125 0.25 0.6673 0.4613 0.5847
-2.1409 87.7685 16.383 0.25 0.25 0.0076 0.4355 0.9002
-2.4335 78.0316 21.7343 0.25 0.3333 -0.0034 0.4674 0.8841
-2.1409 87.7685 16.383 0.25 0.25 0.0076 0.4355 0.9002
-11.6661 87.7685 11.9267 0.375 0.25 -0.6698 0.3966 0.6277
-15.3784 78.0316 16.4015 0.375 0.3333 -0.6066 0.4974 0.6202
-11.6661 87.7685 11.9267 0.375 0.25 -0.6698 0.3966 0.6277
-15.6115 87.7685 1.1682 0.5 0.25 -0.9337 0.3569 -0.0271
-20.7403 78.0316 3.5269 0.5 0.3333 -0.8714 0.4902 0.0168
-15.6115 87.7685 1.1682 0.5 0.25 -0.9337 0.3569 -0.0271
-11.6661 87.7685 -9.5902 0.625 0.25 -0.6575 0.3059 -0.6885
-15.3783 78.0316 -9.3476 0.625 0.3333 -0.6712 0.4192 -0.6114
-11.6661 87.7685 -9.5902 0.625 0.25 -0.6575 0.3059 -0.6885
-2.1409 87.7685 -14.0466 0.75 0.25 0.0229 0.2769 -0.9606
-2.4335 78.0316 -14.6804 0.75 0.3333 0.0043 0.3485 -0.9373
-2.1409 87.7685 -14.0466 0.75 0.25 0.0229 0.2769 -0.9606
7.3843 87.7685 -9.5902 0.875 0.25 0.6651 0.3297 -0.6701
10.5114 78.0316 -9.3476 0.875 0.3333 0.6709 0.4023 -0.623
7.3843 87.7685 -9.5902 0.875 0.25 0.6651 0.3297 -0.6701
11.3298 87.7685 1.1682 1 0.25 0.9058 0.422 -0.0365
11.3298 87.7685 1.1682 0 0.25 0.9058 0.422 -0.0365
6.6035 97.5053 2.0474 0 0.1667 0.8904 0.4548 0.0191
2.9203 97.5053 10.0864 0.1429 0.1667 0.5935 0.4224 0.685
2.9203 97.5053 10.0864 0.1429 0.1667 0.5935 0.4224 0.685
-2.1409 87.7685 16.383 0.25 0.25 0.0076 0.4355 0.9002
7.3843 87.7685 11.9267 0.125 0.25 0.6673 0.4613 0.5847
-2.1409 87.7685 16.383 0.25 0.25 0.0076 0.4355 0.9002
2.9203 97.5053 10.0864 0.1429 0.1667 0.5935 0.4224 0.685
-5.3559 97.5053 12.0718 0.2857 0.1667 -0.2238 0.3658 0.9034
-11.6661 87.7685 11.9267 0.375 0.25 -0.6698 0.3966 0.6277
-5.3559 97.5053 12.0718 0.2857 0.1667 -0.2238 0.3658 0.9034
-11.9929 97.5053 6.5087 0.4286 0.1667 -0.8666 0.3043 0.3956
-15.6115 87.7685 1.1682 0.5 0.25 -0.9337 0.3569 -0.0271
-11.9929 97.5053 6.5087 0.4286 0.1667 -0.8666 0.3043 0.3956
-11.9929 97.5053 -2.4138 0.5714 0.1667 -0.8365 0.3886 -0.3864
-11.6661 87.7685 -9.5902 0.625 0.25 -0.6575 0.3059 -0.6885
-11.9929 97.5053 -2.4138 0.5714 0.1667 -0.8365 0.3886 -0.3864
-5.3559 97.5053 -7.9769 0.7143 0.1667 -0.2068 0.5299 -0.8225
-2.1409 87.7685 -14.0466 0.75 0.25 0.0229 0.2769 -0.9606
-5.3559 97.5053 -7.9769 0.7143 0.1667 -0.2068 0.5299 -0.8225
2.9203 97.5053 -5.9915 0.8571 0.1667 0.5387 0.5408 -0.6461
7.3843 87.7685 -9.5902 0.875 0.25 0.6651 0.3297 -0.6701
2.9203 97.5053 -5.9915 0.8571 0.1667 0.5387 0.5408 -0.6461
6.6035 97.5053 2.0474 1 0.1667 0.8904 0.4548 0.0191
6.6035 97.5053 2.0474 0 0.1667 0.8904 0.4548 0.0191
1.8436 107.242 3.5423 0 0.0833 0.6331 0.7715 0.0636
-0.983 107.242 7.8504 0.1667 0.0833 0.3197 0.7625 0.5625
-0.983 107.242 7.8504 0.1667 0.0833 0.3197 0.7625 0.5625
-5.3559 97.5053 12.0718 0.2857 0.1667 -0.2238 0.3658 0.9034
2.9203 97.5053 10.0864 0.1429 0.1667 0.5935 0.4224 0.685
-5.3559 97.5053 12.0718 0.2857 0.1667 -0.2238 0.3658 0.9034
-0.983 107.242 7.8504 0.1667 0.0833 0.3197 0.7625 0.5625
-6.6363 107.242 7.8504 0.3333 0.0833 -0.324 0.7532 0.5725
-11.9929 97.5053 6.5087 0.4286 0.1667 -0.8666 0.3043 0.3956
-6.6363 107.242 7.8504 0.3333 0.0833 -0.324 0.7532 0.5725
-9.463 107.242 3.5423 0.5 0.0833 -0.6521 0.7574 0.0334
-11.9929 97.5053 -2.4138 0.5714 0.1667 -0.8365 0.3886 -0.3864
-9.463 107.242 3.5423 0.5 0.0833 -0.6521 0.7574 0.0334
-6.6363 107.242 -0.7657 0.6667 0.0833 -0.3012 0.8214 -0.4844
-5.3559 97.5053 -7.9769 0.7143 0.1667 -0.2068 0.5299 -0.8225
-6.6363 107.242 -0.7657 0.6667 0.0833 -0.3012 0.8214 -0.4844
-0.983 107.242 -0.7657 0.8333 0.0833 0.2765 0.8352 -0.4753
2.9203 97.5053 -5.9915 0.8571 0.1667 0.5387 0.5408 -0.6461
-0.983 107.242 -0.7657 0.8333 0.0833 0.2765 0.8352 -0.4753
1.8436 107.242 3.5423 1 0.0833 0.6331 0.7715 0.0636
-3.8097 107.242 3.5423 0 0 0 1 0
-0.983 107.242 7.8504 0.1667 0.0833 0.3197 0.7625 0.5625
1.8436 107.242 3.5423 0 0.0833 0.6331 0.7715 0.0636
-3.8097 107.242 3.5423 0 0 0 1 0
-6.6363 107.242 7.8504 0.3333 0.0833 -0.324 0.7532 0.5725
-0.983 107.242 7.8504 0.1667 0.0833 0.3197 0.7625 0.5625
-3.8097 107.242 3.5423 0 0 0 1 0
-9.463 107.242 3.5423 0.5 0.0833 -0.6521 0.7574 0.0334
-6.6363 107.242 7.8504 0.3333 0.0833 -0.324 0.7532 0.5725
-3.8097 107.242 3.5423 0 0 0 1 0
-6.6363 107.242 -0.7657 0.6667 0.0833 -0.3012 0.8214 -0.4844
-9.463 107.242 3.5423 0.5 0.0833 -0.6521 0.7574 0.0334
-3.8097 107.242 3.5423 0 0 0 1 0
-0.983 107.242 -0.7657 0.8333 0.0833 0.2765 0.8352 -0.4753
-6.6363 107.242 -0.7657 0.6667 0.0833 -0.3012 0.8214 -0.4844
-3.8097 107.242 3.5423 0 0 0 1 0
1.8436 107.242 3.5423 1 0.0833 0.6331 0.7715 0.0636
-0.983 107.242 -0.7657 0.8333 0.0833 0.2765 0.8352 -0.4753
-0.3969 0 1.9359 0 1 -0.7425 0.0072 -0.6698
-0.3965 10.1713 1.7846 0 0.9 -0.7448 -0.0107 -0.6672
0.6405 10.1721 0.7765 0.1111 0.9 -0.3686 -0.0031 -0.9296
0.6405 10.1721 0.7765 0.1111 0.9 -0.3686 -0.0031 -0.9296
1.837 0 0.4105 0.1818 1 0.2547 0.0127 -0.9669
0.3288 0 0.7099 0.0909 1 -0.5822 0.0232 -0.8127
1.837 0 0.4105 0.1818 1 0.2547 0.0127 -0.9669
0.6405 10.1721 0.7765 0.1111 0.9 -0.3686 -0.0031 -0.9296
2.2003 10.2196 0.8287 0.2222 0.9 0.5325 0.027 -0.846
2.9832 0 1.4039 0.2727 1 0.799 0.024 -0.6009
2.2003 10.2196 0.8287 0.2222 0.9 0.5325 0.027 -0.846
2.9174 10.2797 2.1519 0.3333 0.9 0.9239 0.0437 -0.3801
3.5749 0 2.6228 0.3636 1 0.9353 0.0429 -0.3511
2.9174 10.2797 2.1519 0.3333 0.9 0.9239 0.0437 -0.3801
3.3221 10.3326 3.5436 0.4444 0.9 0.9808 0.0791 0.1784
3.9953 0 4.1262 0.4545 1 0.9755 0.0731 0.2077
3.3221 10.3326 3.5436 0.4444 0.9 0.9808 0.0791 0.1784
2.4097 10.3416 4.7616 0.5556 0.9 0.4639 0.0852 0.8818
2.4097 10.3416 4.7616 0.5556 0.9 0.4639 0.0852 0.8818
1.4756 0 5.459 0.6364 1 0.0644 0.0645 0.9958
2.996 0 5.3844 0.5455 1 0.4604 0.0793 0.8841
1.4756 0 5.459 0.6364 1 0.0644 0.0645 0.9958
2.4097 10.3416 4.7616 0.5556 0.9 0.4639 0.0852 0.8818
0.9741 10.301 4.8144 0.6667 0.9 -0.0148 0.0619 0.998
-0.0027 0 5.581 0.7273 1 -0.1765 0.0614 0.9824
0.9741 10.301 4.8144 0.6667 0.9 -0.0148 0.0619 0.998
-0.6587 10.2494 4.6953 0.7778 0.9 -0.5647 0.0623 0.8229
-1.6329 0 4.7974 0.8182 1 -0.8276 0.0517 0.559
-0.6587 10.2494 4.6953 0.7778 0.9 -0.5647 0.0623 0.8229
-1.3815 10.1813 3.1054 0.8889 0.9 -0.9935 0.024 -0.111
-1.7336 0 2.9811 0.9091 1 -0.9164 0.0151 -0.4001
-1.3815 10.1813 3.1054 0.8889 0.9 -0.9935 0.024 -0.111
-0.3965 10.1713 1.7846 1 0.9 -0.7448 -0.0107 -0.6672
-0.3965 10.1713 1.7846 0 0.9 -0.7448 -0.0107 -0.6672
-0.7217 20.3824 1.5345 0 0.8 -0.781 -0.0236 -0.624
0.5885 20.4145 0.5366 0.1429 0.8 -0.0889 0.0056 -0.996
0.5885 20.4145 0.5366 0.1429 0.8 -0.0889 0.0056 -0.996
2.2003 10.2196 0.8287 0.2222 0.9 0.5325 0.027 -0.846
0.6405 10.1721 0.7765 0.1111 0.9 -0.3686 -0.0031 -0.9296
2.2003 10.2196 0.8287 0.2222 0.9 0.5325 0.027 -0.846
0.5885 20.4145 0.5366 0.1429 0.8 -0.0889 0.0056 -0.996
2.0706 20.5154 1.3332 0.2857 0.8 0.7647 0.0476 -0.6427
2.9174 10.2797 2.1519 0.3333 0.9 0.9239 0.0437 -0.3801
2.0706 20.5154 1.3332 0.2857 0.8 0.7647 0.0476 -0.6427
2.5987 20.5944 2.8996 0.4286 0.8 0.9827 0.0764 0.1685
3.3221 10.3326 3.5436 0.4444 0.9 0.9808 0.0791 0.1784
2.5987 20.5944 2.8996 0.4286 0.8 0.9827 0.0764 0.1685
1.5571 20.5857 4.1922 0.5714 0.8 0.4507 0.0746 0.8896
1.5571 20.5857 4.1922 0.5714 0.8 0.4507 0.0746 0.8896
0.9741 10.301 4.8144 0.6667 0.9 -0.0148 0.0619 0.998
2.4097 10.3416 4.7616 0.5556 0.9 0.4639 0.0852 0.8818
0.9741 10.301 4.8144 0.6667 0.9 -0.0148 0.0619 0.998
1.5571 20.5857 4.1922 0.5714 0.8 0.4507 0.0746 0.8896
-0.0666 20.5077 4.2866 0.7143 0.8 -0.3147 0.0515 0.9478
-0.6587 10.2494 4.6953 0.7778 0.9 -0.5647 0.0623 0.8229
-0.0666 20.5077 4.2866 0.7143 0.8 -0.3147 0.0515 0.9478
-1.41 20.4015 3.1284 0.8571 0.8 -0.9756 0.0118 0.2191
-1.3815 10.1813 3.1054 0.8889 0.9 -0.9935 0.024 -0.111
-1.41 20.4015 3.1284 0.8571 0.8 -0.9756 0.0118 0.2191
-0.7217 20.3824 1.5345 1 0.8 -0.781 -0.0236 -0.624
-0.7217 20.3824 1.5345 0 0.8 -0.781 -0.0236 -0.624
-1.0527 30.6401 1.3648 0 0.7 -0.784 -0.0233 -0.6203
0.321 30.6804 0.6288 0.1667 0.7 0.0756 0.0062 -0.9971
0.321 30.6804 0.6288 0.1667 0.7 0.0756 0.0062 -0.9971
2.0706 20.5154 1.3332 0.2857 0.8 0.7647 0.0476 -0.6427
0.5885 20.4145 0.5366 0.1429 0.8 -0.0889 0.0056 -0.996
2.0706 20.5154 1.3332 0.2857 0.8 0.7647 0.0476 -0.6427
0.321 30.6804 0.6288 0.1667 0.7 0.0756 0.0062 -0.9971
1.569 30.7681 1.6071 0.3333 0.7 0.9045 0.0599 -0.4223
2.5987 20.5944 2.8996 0.4286 0.8 0.9827 0.0764 0.1685
1.569 30.7681 1.6071 0.3333 0.7 0.9045 0.0599 -0.4223
1.501 30.8152 3.2218 0.5 0.7 0.7937 0.089 0.6018
1.5571 20.5857 4.1922 0.5714 0.8 0.4507 0.0746 0.8896
1.501 30.8152 3.2218 0.5 0.7 0.7937 0.089 0.6018
-0.0072 30.7614 3.7214 0.6667 0.7 -0.0903 0.0581 0.9942
-0.0666 20.5077 4.2866 0.7143 0.8 -0.3147 0.0515 0.9478
-0.0072 30.7614 3.7214 0.6667 0.7 -0.0903 0.0581 0.9942
-1.4493 30.6712 2.9521 0.8333 0.7 -0.9144 0.011 0.4047
-1.41 20.4015 3.1284 0.8571 0.8 -0.9756 0.0118 0.2191
-1.4493 30.6712 2.9521 0.8333 0.7 -0.9144 0.011 0.4047
-1.0527 30.6401 1.3648 1 0.7 -0.784 -0.0233 -0.6203
-1.0527 30.6401 1.3648 0 0.7 -0.784 -0.0233 -0.6203
-1.3472 40.8939 1.1275 0 0.6 -0.8013 -0.0181 -0.598
0.1592 40.961 0.6126 0.2 0.6 0.3027 0.0262 -0.9527
0.1592 40.961 0.6126 0.2 0.6 0.3027 0.0262 -0.9527
1.569 30.7681 1.6071 0.3333 0.7 0.9045 0.0599 -0.4223
0.321 30.6804 0.6288 0.1667 0.7 0.0756 0.0062 -0.9971
1.569 30.7681 1.6071 0.3333 0.7 0.9045 0.0599 -0.4223
0.1592 40.961 0.6126 0.2 0.6 0.3027 0.0262 -0.9527
1.0581 41.0305 1.9145 0.4 0.6 0.9969 0.0783 0.0042
1.501 30.8152 3.2218 0.5 0.7 0.7937 0.089 0.6018
1.0581 41.0305 1.9145 0.4 0.6 0.9969 0.0783 0.0042
0.1416 41.0069 3.1668 0.6 0.6 0.315 0.061 0.9471
-0.0072 30.7614 3.7214 0.6667 0.7 -0.0903 0.0581 0.9942
0.1416 41.0069 3.1668 0.6 0.6 0.315 0.061 0.9471
-1.3614 40.9223 2.7134 0.8 0.6 -0.807 0.0025 0.5906
-1.4493 30.6712 2.9521 0.8333 0.7 -0.9144 0.011 0.4047
-1.3614 40.9223 2.7134 0.8 0.6 -0.807 0.0025 0.5906
-1.3472 40.8939 1.1275 1 0.6 -0.8013 -0.0181 -0.598
-1.3472 40.8939 1.1275 0 0.6 -0.8013 -0.0181 -0.598
-1.8153 51.1265 1.1906 0 0.5 -0.814 -0.0347 -0.5798
-0.188 51.2382 0.895 0.25 0.5 0.5819 0.0646 -0.8107
-0.188 51.2382 0.895 0.25 0.5 0.5819 0.0646 -0.8107
1.0581 41.0305 1.9145 0.4 0.6 0.9969 0.0783 0.0042
0.1592 40.961 0.6126 0.2 0.6 0.3027 0.0262 -0.9527
1.0581 41.0305 1.9145 0.4 0.6 0.9969 0.0783 0.0042
-0.188 51.2382 0.895 0.25 0.5 0.5819 0.0646 -0.8107
0.0419 51.2709 2.5418 0.5 0.5 0.7957 0.1029 0.5969
0.1416 41.0069 3.1668 0.6 0.6 0.315 0.061 0.9471
0.0419 51.2709 2.5418 0.5 0.5 0.7957 0.1029 0.5969
-1.5533 51.1608 2.7798 0.75 0.5 -0.5873 0.0059 0.8093
-1.3614 40.9223 2.7134 0.8 0.6 -0.807 0.0025 0.5906
-1.5533 51.1608 2.7798 0.75 0.5 -0.5873 0.0059 0.8093
-1.8153 51.1265 1.1906 1 0.5 -0.814 -0.0347 -0.5798
-1.8153 51.1265 1.1906 0 0.5 -0.814 -0.0347 -0.5798
-2.4572 61.3505 1.1639 0 0.4 -0.8091 -0.0552 -0.5851
-1.1349 61.472 0.9194 0.25 0.4 0.5776 0.0741 -0.813
-0.188 51.2382 0.895 0.25 0.5 0.5819 0.0646 -0.8107
-1.1349 61.472 0.9194 0.25 0.4 0.5776 0.0741 -0.813
-0.9353 61.4894 2.2723 0.5 0.4 0.8028 0.093 0.5889
0.0419 51.2709 2.5418 0.5 0.5 0.7957 0.1029 0.5969
-0.9353 61.4894 2.2723 0.5 0.4 0.8028 0.093 0.5889
-2.2531 61.3683 2.4677 0.75 0.4 -0.5912 -0.0365 0.8057
-1.5533 51.1608 2.7798 0.75 0.5 -0.5873 0.0059 0.8093
-2.2531 61.3683 2.4677 0.75 0.4 -0.5912 -0.0365 0.8057
-2.4572 61.3505 1.1639 1 0.4 -0.8091 -0.0552 -0.5851
-2.4572 61.3505 1.1639 0 0.4 -0.8091 -0.0552 -0.5851
-3.3848 71.5739 1.4272 0 0.3 -0.8181 -0.0398 -0.5737
-2.3067 71.6671 1.2438 0.25 0.3 0.5789 0.0819 -0.8113
-1.1349 61.472 0.9194 0.25 0.4 0.5776 0.0741 -0.813
-2.3067 71.6671 1.2438 0.25 0.3 0.5789 0.0819 -0.8113
-2.1548 71.6598 2.3211 0.5 0.3 0.7965 0.0735 0.6002
-0.9353 61.4894 2.2723 0.5 0.4 0.8028 0.093 0.5889
-2.1548 71.6598 2.3211 0.5 0.3 0.7965 0.0735 0.6002
-3.2004 71.5697 2.4829 0.75 0.3 -0.588 -0.0464 0.8075
-2.2531 61.3683 2.4677 0.75 0.4 -0.5912 -0.0365 0.8057
-3.2004 71.5697 2.4829 0.75 0.3 -0.588 -0.0464 0.8075
-3.3848 71.5739 1.4272 1 0.3 -0.8181 -0.0398 -0.5737
-3.3848 71.5739 1.4272 0 0.3 -0.8181 -0.0398 -0.5737
-3.8864 81.8293 1.7415 0 0.2 -0.81 -0.016 -0.5862
-3.068 81.8764 1.6192 0.25 0.2 0.5903 0.0656 -0.8045
-2.3067 71.6671 1.2438 0.25 0.3 0.5789 0.0819 -0.8113
-3.068 81.8764 1.6192 0.25 0.2 0.5903 0.0656 -0.8045
-2.9485 81.8682 2.4213 0.5 0.2 0.8081 0.0516 0.5868
-2.1548 71.6598 2.3211 0.5 0.3 0.7965 0.0735 0.6002
-2.9485 81.8682 2.4213 0.5 0.2 0.8081 0.0516 0.5868
-3.7506 81.8217 2.5641 0.75 0.2 -0.5792 -0.0292 0.8147
-3.2004 71.5697 2.4829 0.75 0.3 -0.588 -0.0464 0.8075
-3.7506 81.8217 2.5641 0.75 0.2 -0.5792 -0.0292 0.8147
-3.8864 81.8293 1.7415 1 0.2 -0.81 -0.016 -0.5862
-3.8864 81.8293 1.7415 0 0.2 -0.81 -0.016 -0.5862
-4.215 92.077 2.0136 0 0.1 -0.8046 -0.016 -0.5936
-3.6622 92.1013 1.9444 0.25 0.1 0.595 0.0451 -0.8024
-3.068 81.8764 1.6192 0.25 0.2 0.5903 0.0656 -0.8045
-3.6622 92.1013 1.9444 0.25 0.1 0.595 0.0451 -0.8024
-3.568 92.1046 2.4826 0.5 0.1 0.8134 0.0533 0.5793
-2.9485 81.8682 2.4213 0.5 0.2 0.8081 0.0516 0.5868
-3.568 92.1046 2.4826 0.5 0.1 0.8134 0.0533 0.5793
-4.1222 92.0802 2.5803 0.75 0.1 -0.5765 -0.0081 0.8171
-3.7506 81.8217 2.5641 0.75 0.2 -0.5792 -0.0292 0.8147
-4.1222 92.0802 2.5803 0.75 0.1 -0.5765 -0.0081 0.8171
-4.215 92.077 2.0136 1 0.1 -0.8046 -0.016 -0.5936
-4.215 92.077 2.0136 0 0.1 -0.8046 -0.016 -0.5936
-4.4733 102.327 1.9974 0 0 -0.8151 -0.0212 -0.579
-4.1798 102.339 1.948 0.25 0 0.5928 0.0319 -0.8047
-3.6622 92.1013 1.9444 0.25 0.1 0.595 0.0451 -0.8024
-4.1798 102.339 1.948 0.25 0 0.5928 0.0319 -0.8047
-4.1408 102.344 2.2385 0.5 0 0.8029 0.0577 0.5934
-3.568 92.1046 2.4826 0.5 0.1 0.8134 0.0533 0.5793
-4.1408 102.344 2.2385 0.5 0 0.8029 0.0577 0.5934
-4.4242 102.333 2.2855 0.75 0 -0.5804 0.0059 0.8143
-4.1222 92.0802 2.5803 0.75 0.1 -0.5765 -0.0081 0.8171
-4.4242 102.333 2.2855 0.75 0 -0.5804 0.0059 0.8143
-4.4733 102.327 1.9974 1 0 -0.8151 -0.0212 -0.579
